20x15
8985 12432 30671 28669 11249 8910 29483 6340 1444 3416 30047 14497 16892 11969 5840 
17469 2649 15888 25987 32178 24363 21830 31678 30369 800 8473 31562 23699 11280 31910 
19503 10749 25671 8600 3870 25827 32279 24803 28947 7897 8377 7106 17824 14002 20520 
15107 9608 10723 7046 12645 31524 317 23450 27990 15777 15661 1631 10175 25546 14504 
29046 5156 14881 9911 25282 3873 31382 26843 9702 25160 8074 28111 1517 4613 2650 
2896 30480 22628 25903 18269 5432 2347 26472 4852 32340 29806 23395 19817 14494 26901 
11968 17774 24659 8628 29790 32571 11085 10169 16272 6470 5415 16217 13227 21706 22903 
4355 17272 3436 17839 5590 11273 25071 21596 6386 24681 17811 31690 32359 5477 3338 
27249 8581 14190 1239 23327 23526 10623 7808 19572 27429 14250 7661 31634 31248 9322 
26980 15192 6119 26523 8517 4932 23373 2086 2926 6180 7295 2186 31799 21536 4323 
29698 19510 3347 30453 11423 21110 7796 23414 22857 2907 1544 23649 22831 4720 8073 
13914 2110 10581 13055 4766 11302 15495 4999 16913 6661 26967 27629 7103 14775 28904 
9083 7751 22562 13448 4045 651 15943 21041 645 26413 17435 15471 3789 13674 7906 
25572 29866 20476 6032 28774 9357 21545 23228 30076 2632 4344 960 28390 20835 1563 
22595 14888 2434 9255 716 30812 20413 28551 32009 31544 16856 2037 13651 31366 1048 
22207 16357 15616 12784 14279 29574 6735 19049 3146 12557 24241 25272 269 15708 20968 
16862 29991 19391 15013 4427 8446 2226 29297 14771 15521 3269 10698 5460 15749 15024 
27309 29791 15318 13263 21154 10877 30662 6444 26288 28059 23247 8243 30724 5607 19716 
20444 19565 4052 3711 71 14036 5272 26055 17152 30002 328 6089 20634 21642 4986 
12178 4343 2556 17833 13106 16391 13770 19977 2342 9585 3813 17482 29713 24250 29709 
