20x15
20281 6099 23551 26515 32469 12302 7335 29444 13183 16327 586 28962 29340 14048 26543 
17865 13885 26967 27629 7103 14775 28904 9083 7751 22562 13448 4045 651 15943 21041 
645 26413 17435 15471 3789 13674 7906 25572 29866 20476 6032 28774 9357 21545 23228 
30076 2632 4344 960 28390 20835 1563 22595 14888 2434 9255 716 30812 20413 28551 
32009 31544 16856 2037 13651 31366 1048 22207 16357 15616 12784 14279 29574 6735 19049 
3146 12557 24241 25272 269 15708 20968 16862 29991 19391 15013 4427 8446 2226 29297 
14771 15521 3269 10698 5460 15749 15024 27309 29791 15318 13263 21154 10877 30662 6444 
26288 28059 23247 8243 30724 5607 19716 20444 19565 4052 3711 71 14036 5272 26055 
17152 30002 328 6089 20634 21642 4986 12178 4343 2556 17833 13106 16391 13770 19977 
2342 9585 3813 17482 29713 24250 29709 26448 4302 11750 22065 14386 24932 11428 28958 
4976 25199 5298 27340 27072 10193 6042 19578 22079 14355 5306 15175 15511 21033 20542 
16472 555 5212 15878 30778 7390 15543 8529 10911 16227 14138 25046 20141 20261 31994 
6991 22278 18469 13188 17085 17137 25944 20192 8081 8235 16176 30324 2725 30216 30607 
656 3830 28591 9387 17994 7398 10495 13598 7601 30059 17470 16639 11108 10116 4415 
31120 27119 5812 27131 4447 16955 4011 309 6431 2485 23085 27019 514 22204 11982 
17268 3792 4588 21140 2938 4940 18587 27769 9049 28959 13415 10820 27834 22864 13702 
29633 21294 25452 27265 501 15844 2147 9591 30986 11285 13763 25818 23032 12740 17197 
7496 12937 20696 27813 32510 9066 9463 18135 19140 28839 9189 32522 13167 15209 27321 
30614 11205 15788 31535 21514 9210 259 12772 8739 30816 15073 10893 3884 25300 4220 
3547 14484 18684 11061 20207 16287 13681 29514 24807 9206 17151 8120 17309 3882 3289 
